4 4.03113 4.12311 4.272 4.47214 4.71699 5 5.31507 5.65685 6.0208 6.40312 6.80074 7.2111 7.63217 8.06226 8.5 8.94427 9.39415 9.84886 10.3078 10.7703 11.2361 11.7047 12.1758 12.6491 13.1244 13.6015 14.0801 14.5602 15.0416 15.5242 16.0078 16.4924 16.9779 17.4642 17.9513 18.4391 18.9275 19.4165 19.906 4.03113 4.06202 4.15331 4.30116 4.5 4.74342 5.02494 5.33854 5.67891 6.04152 6.42262 6.81909 7.22842 7.64853 8.07775 8.51469 8.95824 9.40744 9.86154 10.3199 10.7819 11.2472 11.7154 12.1861 12.659 13.1339 13.6107 14.089 14.5688 15.0499 15.5322 16.0156 16.5 16.9853 17.4714 17.9583 18.4459 18.9341 19.4229 19.9123 4.12311 4.15331 4.24264 4.38748 4.58258 4.82183 5.09902 5.40833 5.74456 6.10328 6.48074 6.87386 7.28011 7.6974 8.12404 8.55862 9 9.44722 9.89949 10.3562 10.8167 11.2805 11.7473 12.2168 12.6886 13.1624 13.6382 14.1156 14.5945 15.0748 15.5563 16.039 16.5227 17.0074 17.4929 17.9792 18.4662 18.9539 19.4422 19.9311 4.272 4.30116 4.38748 4.52769 4.71699 4.94975 5.22015 5.52268 5.85235 6.20484 6.57647 6.96419 7.36546 7.77817 8.20061 8.63134 9.06918 9.51315 9.96243 10.4163 10.8743 11.3358 11.8004 12.2678 12.7377 13.2098 13.6839 14.1598 14.6373 15.1162 15.5965 16.0779 16.5605 17.0441 17.5285 18.0139 18.5 18.9868 19.4743 19.9625 4.47214 4.5 4.58258 4.71699 4.89898 5.12348 5.38516 5.67891 6 6.34429 6.7082 7.08872 7.48331 7.88987 8.30662 8.73212 9.16515 9.60469 10.0499 10.5 10.9545 11.4127 11.8743 12.339 12.8062 13.2759 13.7477 14.2215 14.6969 15.174 15.6525 16.1323 16.6132 17.0953 17.5784 18.0624 18.5472 19.0329 19.5192 20.0062 4.71699 4.74342 4.82183 4.94975 5.12348 5.33854 5.59017 5.87367 6.18466 6.5192 6.87386 7.24569 7.63217 8.03119 8.44097 8.86002 9.28709 9.72111 10.1612 10.6066 11.0567 11.5109 11.9687 12.4298 12.8938 13.3604 13.8293 14.3003 14.7733 15.248 15.7242 16.2019 16.6808 17.161 17.6423 18.1246 18.6078 19.0919 19.5768 20.0624 5 5.02494 5.09902 5.22015 5.38516 5.59017 5.83095 6.10328 6.40312 6.72681 7.07107 7.43303 7.81025 8.20061 8.60233 9.01388 9.43398 9.86154 10.2956 10.7355 11.1803 11.6297 12.083 12.5399 13 13.4629 13.9284 14.3962 14.8661 15.3379 15.8114 16.2865 16.7631 17.2409 17.72 18.2003 18.6815 19.1638 19.6469 20.1308 5.31507 5.33854 5.40833 5.52268 5.67891 5.87367 6.10328 6.36396 6.65207 6.96419 7.29726 7.64853 8.01561 8.39643 8.7892 9.19239 9.60469 10.025 10.4523 10.8858 11.3248 11.7686 12.2168 12.6689 13.1244 13.5831 14.0446 14.5086 14.975 15.4434 15.9138 16.386 16.8597 17.3349 17.8115 18.2893 18.7683 19.2484 19.7294 20.2114 5.65685 5.67891 5.74456 5.85235 6 6.18466 6.40312 6.65207 6.9282 7.22842 7.54983 7.88987 8.24621 8.61684 9 9.39415 9.79796 10.2103 10.6301 11.0567 11.4891 11.9269 12.3693 12.816 13.2665 13.7204 14.1774 14.6373 15.0997 15.5644 16.0312 16.5 16.9706 17.4428 17.9165 18.3916 18.868 19.3455 19.8242 20.3039 6.0208 6.04152 6.10328 6.20484 6.34429 6.5192 6.72681 6.96419 7.22842 7.51665 7.82624 8.15475 8.5 8.86002 9.23309 9.61769 10.0125 10.4163 10.8282 11.2472 11.6726 12.1037 12.5399 12.9808 13.4257 13.8744 14.3265 14.7817 15.2398 15.7003 16.1632 16.6283 17.0953 17.5642 18.0347 18.5068 18.9803 19.4551 19.9311 20.4083 6.40312 6.42262 6.48074 6.57647 6.7082 6.87386 7.07107 7.29726 7.54983 7.82624 8.12404 8.44097 8.77496 9.12414 9.48683 9.86154 10.247 10.6419 11.0454 11.4564 11.8743 12.2984 12.7279 13.1624 13.6015 14.0446 14.4914 14.9416 15.3948 15.8509 16.3095 16.7705 17.2337 17.6989 18.1659 18.6346 19.105 19.5768 20.0499 20.5244 6.80074 6.81909 6.87386 6.96419 7.08872 7.24569 7.43303 7.64853 7.88987 8.15475 8.44097 8.74643 9.06918 9.40744 9.75961 10.1242 10.5 10.8858 11.2805 11.6833 12.0934 12.51 12.9325 13.3604 13.7931 14.2302 14.6714 15.1162 15.5644 16.0156 16.4697 16.9263 17.3853 17.8466 18.3098 18.775 19.2419 19.7104 20.1804 20.6519 7.2111 7.22842 7.28011 7.36546 7.48331 7.63217 7.81025 8.01561 8.24621 8.5 8.77496 9.06918 9.38083 9.70824 10.0499 10.4043 10.7703 11.1467 11.5326 11.9269 12.3288 12.7377 13.1529 13.5739 14 14.4309 14.8661 15.3052 15.748 16.1941 16.6433 17.0953 17.5499 18.0069 18.4662 18.9275 19.3907 19.8557 20.3224 20.7906 7.63217 7.64853 7.6974 7.77817 7.88987 8.03119 8.20061 8.39643 8.61684 8.86002 9.12414 9.40744 9.70824 10.025 10.3562 10.7005 11.0567 11.4237 11.8004 12.1861 12.5797 12.9808 13.3884 13.8022 14.2215 14.6458 15.0748 15.5081 15.9452 16.386 16.83 17.2772 17.7271 18.1797 18.6346 19.0919 19.5512 20.0125 20.4756 20.9404 8.06226 8.07775 8.12404 8.20061 8.30662 8.44097 8.60233 8.7892 9 9.23309 9.48683 9.75961 10.0499 10.3562 10.6771 11.0114 11.3578 11.7154 12.083 12.4599 12.8452 13.2382 13.6382 14.0446 14.4568 14.8745 15.2971 15.7242 16.1555 16.5907 17.0294 17.4714 17.9165 18.3644 18.8149 19.2678 19.7231 20.1804 20.6398 21.1009 8.5 8.51469 8.55862 8.63134 8.73212 8.86002 9.01388 9.19239 9.39415 9.61769 9.86154 10.1242 10.4043 10.7005 11.0114 11.3358 11.6726 12.0208 12.3794 12.7475 13.1244 13.5093 13.9014 14.3003 14.7054 15.1162 15.5322 15.9531 16.3783 16.8077 17.2409 17.6777 18.1177 18.5607 19.0066 19.4551 19.906 20.3593 20.8147 21.272 8.94427 8.95824 9 9.06918 9.16515 9.28709 9.43398 9.60469 9.79796 10.0125 10.247 10.5 10.7703 11.0567 11.3578 11.6726 12 12.339 12.6886 13.048 13.4164 13.7931 14.1774 14.5688 14.9666 15.3704 15.7797 16.1941 16.6132 17.0367 17.4642 17.8955 18.3303 18.7683 19.2094 19.6532 20.0998 20.5487 21 21.4534 9.39415 9.40744 9.44722 9.51315 9.60469 9.72111 9.86154 10.025 10.2103 10.4163 10.6419 10.8858 11.1467 11.4237 11.7154 12.0208 12.339 12.6689 13.0096 13.3604 13.7204 14.089 14.4655 14.8492 15.2398 15.6365 16.039 16.4469 16.8597 17.2772 17.6989 18.1246 18.554 18.9868 19.4229 19.862 20.3039 20.7485 21.1955 21.6449 9.84886 9.86154 9.89949 9.96243 10.0499 10.1612 10.2956 10.4523 10.6301 10.8282 11.0454 11.2805 11.5326 11.8004 12.083 12.3794 12.6886 13.0096 13.3417 13.6839 14.0357 14.3962 14.7648 15.141 15.5242 15.9138 16.3095 16.7108 17.1172 17.5285 17.9444 18.3644 18.7883 19.2159 19.6469 20.0811 20.5183 20.9583 21.4009 21.8461 10.3078 10.3199 10.3562 10.4163 10.5 10.6066 10.7355 10.8858 11.0567 11.2472 11.4564 11.6833 11.9269 12.1861 12.4599 12.7475 13.048 13.3604 13.6839 14.0178 14.3614 14.7139 15.0748 15.4434 15.8193 16.2019 16.5907 16.9853 17.3853 17.7904 18.2003 18.6145 19.0329 19.4551 19.8809 20.3101 20.7425 21.1778 21.616 22.0567 10.7703 10.7819 10.8167 10.8743 10.9545 11.0567 11.1803 11.3248 11.4891 11.6726 11.8743 12.0934 12.3288 12.5797 12.8452 13.1244 13.4164 13.7204 14.0357 14.3614 14.6969 15.0416 15.3948 15.756 16.1245 16.5 16.8819 17.2699 17.6635 18.0624 18.4662 18.8746 19.2873 19.7041 20.1246 20.5487 20.9762 21.4068 21.8403 22.2767 11.2361 11.2472 11.2805 11.3358 11.4127 11.5109 11.6297 11.7686 11.9269 12.1037 12.2984 12.51 12.7377 12.9808 13.2382 13.5093 13.7931 14.089 14.3962 14.7139 15.0416 15.3786 15.7242 16.0779 16.4393 16.8077 17.1828 17.5642 17.9513 18.3439 18.7417 19.1442 19.5512 19.9625 20.3777 20.7966 21.2191 21.6449 22.0737 22.5056 11.7047 11.7154 11.7473 11.8004 11.8743 11.9687 12.083 12.2168 12.3693 12.5399 12.7279 12.9325 13.1529 13.3884 13.6382 13.9014 14.1774 14.4655 14.7648 15.0748 15.3948 15.7242 16.0624 16.4088 16.7631 17.1245 17.4929 17.8676 18.2483 18.6346 19.0263 19.4229 19.8242 20.2299 20.6398 21.0535 21.4709 21.8918 22.3159 22.7431 12.1758 12.1861 12.2168 12.2678 12.339 12.4298 12.5399 12.6689 12.816 12.9808 13.1624 13.3604 13.5739 13.8022 14.0446 14.3003 14.5688 14.8492 15.141 15.4434 15.756 16.0779 16.4088 16.7481 17.0953 17.4499 17.8115 18.1797 18.554 18.9341 19.3197 19.7104 20.106 20.5061 20.9105 21.319 21.7313 22.1472 22.5666 22.9891 12.6491 12.659 12.6886 12.7377 12.8062 12.8938 13 13.1244 13.2665 13.4257 13.6015 13.7931 14 14.2215 14.4568 14.7054 14.9666 15.2398 15.5242 15.8193 16.1245 16.4393 16.7631 17.0953 17.4356 17.7834 18.1384 18.5 18.868 19.2419 19.6214 20.0062 20.3961 20.7906 21.1896 21.5928 22 22.4109 22.8254 23.2433 13.1244 13.1339 13.1624 13.2098 13.2759 13.3604 13.4629 13.5831 13.7204 13.8744 14.0446 14.2302 14.4309 14.6458 14.8745 15.1162 15.3704 15.6365 15.9138 16.2019 16.5 16.8077 17.1245 17.4499 17.7834 18.1246 18.473 18.8282 19.1898 19.5576 19.9311 20.3101 20.6942 21.0832 21.4767 21.8746 22.2767 22.6826 23.0922 23.5053 13.6015 13.6107 13.6382 13.6839 13.7477 13.8293 13.9284 14.0446 14.1774 14.3265 14.4914 14.6714 14.8661 15.0748 15.2971 15.5322 15.7797 16.039 16.3095 16.5907 16.8819 17.1828 17.4929 17.8115 18.1384 18.473 18.8149 19.1638 19.5192 19.8809 20.2485 20.6216 21 21.3834 21.7715 22.1642 22.561 22.9619 23.3666 23.775 14.0801 14.089 14.1156 14.1598 14.2215 14.3003 14.3962 14.5086 14.6373 14.7817 14.9416 15.1162 15.3052 15.5081 15.7242 15.9531 16.1941 16.4469 16.7108 16.9853 17.2699 17.5642 17.8676 18.1797 18.5 18.8282 19.1638 19.5064 19.8557 20.2114 20.573 20.9404 21.3131 21.691 22.0737 22.4611 22.8528 23.2487 23.6485 24.052 14.5602 14.5688 14.5945 14.6373 14.6969 14.7733 14.8661 14.975 15.0997 15.2398 15.3948 15.5644 15.748 15.9452 16.1555 16.3783 16.6132 16.8597 17.1172 17.3853 17.6635 17.9513 18.2483 18.554 18.868 19.1898 19.5192 19.8557 20.199 20.5487 20.9045 21.2662 21.6333 22.0057 22.383 22.7651 23.1517 23.5425 23.9374 24.3362 15.0416 15.0499 15.0748 15.1162 15.174 15.248 15.3379 15.4434 15.5644 15.7003 15.8509 16.0156 16.1941 16.386 16.5907 16.8077 17.0367 17.2772 17.5285 17.7904 18.0624 18.3439 18.6346 18.9341 19.2419 19.5576 19.8809 20.2114 20.5487 20.8926 21.2426 21.5986 21.9602 22.3271 22.6991 23.076 23.4574 23.8432 24.2332 24.6272 15.5242 15.5322 15.5563 15.5965 15.6525 15.7242 15.8114 15.9138 16.0312 16.1632 16.3095 16.4697 16.6433 16.83 17.0294 17.2409 17.4642 17.6989 17.9444 18.2003 18.4662 18.7417 19.0263 19.3197 19.6214 19.9311 20.2485 20.573 20.9045 21.2426 21.587 21.9374 22.2935 22.655 23.0217 23.3934 23.7697 24.1506 24.5357 24.9249 16.0078 16.0156 16.039 16.0779 16.1323 16.2019 16.2865 16.386 16.5 16.6283 16.7705 16.9263 17.0953 17.2772 17.4714 17.6777 17.8955 18.1246 18.3644 18.6145 18.8746 19.1442 19.4229 19.7104 20.0062 20.3101 20.6216 20.9404 21.2662 21.5986 21.9374 22.2823 22.6329 22.9891 23.3506 23.7171 24.0884 24.4643 24.8445 25.229 16.4924 16.5 16.5227 16.5605 16.6132 16.6808 16.7631 16.8597 16.9706 17.0953 17.2337 17.3853 17.5499 17.7271 17.9165 18.1177 18.3303 18.554 18.7883 19.0329 19.2873 19.5512 19.8242 20.106 20.3961 20.6942 21 21.3131 21.6333 21.9602 22.2935 22.6329 22.9783 23.3292 23.6854 24.0468 24.4131 24.7841 25.1595 25.5392 16.9779 16.9853 17.0074 17.0441 17.0953 17.161 17.2409 17.3349 17.4428 17.5642 17.6989 17.8466 18.0069 18.1797 18.3644 18.5607 18.7683 18.9868 19.2159 19.4551 19.7041 19.9625 20.2299 20.5061 20.7906 21.0832 21.3834 21.691 22.0057 22.3271 22.655 22.9891 23.3292 23.6749 24.026 24.3824 24.7437 25.1098 25.4804 25.8554 17.4642 17.4714 17.4929 17.5285 17.5784 17.6423 17.72 17.8115 17.9165 18.0347 18.1659 18.3098 18.4662 18.6346 18.8149 19.0066 19.2094 19.4229 19.6469 19.8809 20.1246 20.3777 20.6398 20.9105 21.1896 21.4767 21.7715 22.0737 22.383 22.6991 23.0217 23.3506 23.6854 24.026 24.3721 24.7235 25.0799 25.4411 25.807 26.1773 17.9513 17.9583 17.9792 18.0139 18.0624 18.1246 18.2003 18.2893 18.3916 18.5068 18.6346 18.775 18.9275 19.0919 19.2678 19.4551 19.6532 19.862 20.0811 20.3101 20.5487 20.7966 21.0535 21.319 21.5928 21.8746 22.1642 22.4611 22.7651 23.076 23.3934 23.7171 24.0468 24.3824 24.7235 25.0699 25.4214 25.7779 26.1391 26.5047 18.4391 18.4459 18.4662 18.5 18.5472 18.6078 18.6815 18.7683 18.868 18.9803 19.105 19.2419 19.3907 19.5512 19.7231 19.906 20.0998 20.3039 20.5183 20.7425 20.9762 21.2191 21.4709 21.7313 22 22.2767 22.561 22.8528 23.1517 23.4574 23.7697 24.0884 24.4131 24.7437 25.0799 25.4214 25.7682 26.1199 26.4764 26.8375 18.9275 18.9341 18.9539 18.9868 19.0329 19.0919 19.1638 19.2484 19.3455 19.4551 19.5768 19.7104 19.8557 20.0125 20.1804 20.3593 20.5487 20.7485 20.9583 21.1778 21.4068 21.6449 21.8918 22.1472 22.4109 22.6826 22.9619 23.2487 23.5425 23.8432 24.1506 24.4643 24.7841 25.1098 25.4411 25.7779 26.1199 26.467 26.8188 27.1754 19.4165 19.4229 19.4422 19.4743 19.5192 19.5768 19.6469 19.7294 19.8242 19.9311 20.0499 20.1804 20.3224 20.4756 20.6398 20.8147 21 21.1955 21.4009 21.616 21.8403 22.0737 22.3159 22.5666 22.8254 23.0922 23.3666 23.6485 23.9374 24.2332 24.5357 24.8445 25.1595 25.4804 25.807 26.1391 26.4764 26.8188 27.1662 27.5182 19.906 19.9123 19.9311 19.9625 20.0062 20.0624 20.1308 20.2114 20.3039 20.4083 20.5244 20.6519 20.7906 20.9404 21.1009 21.272 21.4534 21.6449 21.8461 22.0567 22.2767 22.5056 22.7431 22.9891 23.2433 23.5053 23.775 24.052 24.3362 24.6272 24.9249 25.229 25.5392 25.8554 26.1773 26.5047 26.8375 27.1754 27.5182 27.8657 