-2000 -1940.9 -1883.6 -1828.1 -1774.4 -1722.5 -1672.4 -1624.1 -1577.6 -1532.9 -1490 -1448.9 -1409.6 -1372.1 -1336.4 -1302.5 -1270.4 -1240.1 -1211.6 -1184.9 -1160 -1136.9 -1115.6 -1096.1 -1078.4 -1062.5 -1048.4 -1036.1 -1025.6 -1016.9 -1010 -1004.9 -1001.6 -1000.1 -1000.4 -1002.5 -1006.4 -1012.1 -1019.6 -1028.9 -1040 -1052.9 -1067.6 -1084.1 -1102.4 -1122.5 -1144.4 -1168.1 -1193.6 -1220.9 -1250 -1280.9 -1313.6 -1348.1 -1384.4 -1422.5 -1462.4 -1504.1 -1547.6 -1592.9 -1640 -1688.9 -1739.6 -1792.1 -1846.4 -1902.5 -1960.4 -1940.9 -1881.8 -1824.5 -1769 -1715.3 -1663.4 -1613.3 -1565 -1518.5 -1473.8 -1430.9 -1389.8 -1350.5 -1313 -1277.3 -1243.4 -1211.3 -1181 -1152.5 -1125.8 -1100.9 -1077.8 -1056.5 -1037 -1019.3 -1003.4 -989.3 -977 -966.5 -957.8 -950.9 -945.8 -942.5 -941 -941.3 -943.4 -947.3 -953 -960.5 -969.8 -980.9 -993.8 -1008.5 -1025 -1043.3 -1063.4 -1085.3 -1109 -1134.5 -1161.8 -1190.9 -1221.8 -1254.5 -1289 -1325.3 -1363.4 -1403.3 -1445 -1488.5 -1533.8 -1580.9 -1629.8 -1680.5 -1733 -1787.3 -1843.4 -1901.3 -1883.6 -1824.5 -1767.2 -1711.7 -1658 -1606.1 -1556 -1507.7 -1461.2 -1416.5 -1373.6 -1332.5 -1293.2 -1255.7 -1220 -1186.1 -1154 -1123.7 -1095.2 -1068.5 -1043.6 -1020.5 -999.2 -979.7 -962 -946.1 -932 -919.7 -909.2 -900.5 -893.6 -888.5 -885.2 -883.7 -884 -886.1 -890 -895.7 -903.2 -912.5 -923.6 -936.5 -951.2 -967.7 -986 -1006.1 -1028 -1051.7 -1077.2 -1104.5 -1133.6 -1164.5 -1197.2 -1231.7 -1268 -1306.1 -1346 -1387.7 -1431.2 -1476.5 -1523.6 -1572.5 -1623.2 -1675.7 -1730 -1786.1 -1844 -1828.1 -1769 -1711.7 -1656.2 -1602.5 -1550.6 -1500.5 -1452.2 -1405.7 -1361 -1318.1 -1277 -1237.7 -1200.2 -1164.5 -1130.6 -1098.5 -1068.2 -1039.7 -1013 -988.1 -965 -943.7 -924.2 -906.5 -890.6 -876.5 -864.2 -853.7 -845 -838.1 -833 -829.7 -828.2 -828.5 -830.6 -834.5 -840.2 -847.7 -857 -868.1 -881 -895.7 -912.2 -930.5 -950.6 -972.5 -996.2 -1021.7 -1049 -1078.1 -1109 -1141.7 -1176.2 -1212.5 -1250.6 -1290.5 -1332.2 -1375.7 -1421 -1468.1 -1517 -1567.7 -1620.2 -1674.5 -1730.6 -1788.5 -1774.4 -1715.3 -1658 -1602.5 -1548.8 -1496.9 -1446.8 -1398.5 -1352 -1307.3 -1264.4 -1223.3 -1184 -1146.5 -1110.8 -1076.9 -1044.8 -1014.5 -986 -959.3 -934.4 -911.3 -890 -870.5 -852.8 -836.9 -822.8 -810.5 -800 -791.3 -784.4 -779.3 -776 -774.5 -774.8 -776.9 -780.8 -786.5 -794 -803.3 -814.4 -827.3 -842 -858.5 -876.8 -896.9 -918.8 -942.5 -968 -995.3 -1024.4 -1055.3 -1088 -1122.5 -1158.8 -1196.9 -1236.8 -1278.5 -1322 -1367.3 -1414.4 -1463.3 -1514 -1566.5 -1620.8 -1676.9 -1734.8 -1722.5 -1663.4 -1606.1 -1550.6 -1496.9 -1445 -1394.9 -1346.6 -1300.1 -1255.4 -1212.5 -1171.4 -1132.1 -1094.6 -1058.9 -1025 -992.9 -962.6 -934.1 -907.4 -882.5 -859.4 -838.1 -818.6 -800.9 -785 -770.9 -758.6 -748.1 -739.4 -732.5 -727.4 -724.1 -722.6 -722.9 -725 -728.9 -734.6 -742.1 -751.4 -762.5 -775.4 -790.1 -806.6 -824.9 -845 -866.9 -890.6 -916.1 -943.4 -972.5 -1003.4 -1036.1 -1070.6 -1106.9 -1145 -1184.9 -1226.6 -1270.1 -1315.4 -1362.5 -1411.4 -1462.1 -1514.6 -1568.9 -1625 -1682.9 -1672.4 -1613.3 -1556 -1500.5 -1446.8 -1394.9 -1344.8 -1296.5 -1250 -1205.3 -1162.4 -1121.3 -1082 -1044.5 -1008.8 -974.9 -942.8 -912.5 -884 -857.3 -832.4 -809.3 -788 -768.5 -750.8 -734.9 -720.8 -708.5 -698 -689.3 -682.4 -677.3 -674 -672.5 -672.8 -674.9 -678.8 -684.5 -692 -701.3 -712.4 -725.3 -740 -756.5 -774.8 -794.9 -816.8 -840.5 -866 -893.3 -922.4 -953.3 -986 -1020.5 -1056.8 -1094.9 -1134.8 -1176.5 -1220 -1265.3 -1312.4 -1361.3 -1412 -1464.5 -1518.8 -1574.9 -1632.8 -1624.1 -1565 -1507.7 -1452.2 -1398.5 -1346.6 -1296.5 -1248.2 -1201.7 -1157 -1114.1 -1073 -1033.7 -996.2 -960.5 -926.6 -894.5 -864.2 -835.7 -809 -784.1 -761 -739.7 -720.2 -702.5 -686.6 -672.5 -660.2 -649.7 -641 -634.1 -629 -625.7 -624.2 -624.5 -626.6 -630.5 -636.2 -643.7 -653 -664.1 -677 -691.7 -708.2 -726.5 -746.6 -768.5 -792.2 -817.7 -845 -874.1 -905 -937.7 -972.2 -1008.5 -1046.6 -1086.5 -1128.2 -1171.7 -1217 -1264.1 -1313 -1363.7 -1416.2 -1470.5 -1526.6 -1584.5 -1577.6 -1518.5 -1461.2 -1405.7 -1352 -1300.1 -1250 -1201.7 -1155.2 -1110.5 -1067.6 -1026.5 -987.2 -949.7 -914 -880.1 -848 -817.7 -789.2 -762.5 -737.6 -714.5 -693.2 -673.7 -656 -640.1 -626 -613.7 -603.2 -594.5 -587.6 -582.5 -579.2 -577.7 -578 -580.1 -584 -589.7 -597.2 -606.5 -617.6 -630.5 -645.2 -661.7 -680 -700.1 -722 -745.7 -771.2 -798.5 -827.6 -858.5 -891.2 -925.7 -962 -1000.1 -1040 -1081.7 -1125.2 -1170.5 -1217.6 -1266.5 -1317.2 -1369.7 -1424 -1480.1 -1538 -1532.9 -1473.8 -1416.5 -1361 -1307.3 -1255.4 -1205.3 -1157 -1110.5 -1065.8 -1022.9 -981.8 -942.5 -905 -869.3 -835.4 -803.3 -773 -744.5 -717.8 -692.9 -669.8 -648.5 -629 -611.3 -595.4 -581.3 -569 -558.5 -549.8 -542.9 -537.8 -534.5 -533 -533.3 -535.4 -539.3 -545 -552.5 -561.8 -572.9 -585.8 -600.5 -617 -635.3 -655.4 -677.3 -701 -726.5 -753.8 -782.9 -813.8 -846.5 -881 -917.3 -955.4 -995.3 -1037 -1080.5 -1125.8 -1172.9 -1221.8 -1272.5 -1325 -1379.3 -1435.4 -1493.3 -1490 -1430.9 -1373.6 -1318.1 -1264.4 -1212.5 -1162.4 -1114.1 -1067.6 -1022.9 -980 -938.9 -899.6 -862.1 -826.4 -792.5 -760.4 -730.1 -701.6 -674.9 -650 -626.9 -605.6 -586.1 -568.4 -552.5 -538.4 -526.1 -515.6 -506.9 -500 -494.9 -491.6 -490.1 -490.4 -492.5 -496.4 -502.1 -509.6 -518.9 -530 -542.9 -557.6 -574.1 -592.4 -612.5 -634.4 -658.1 -683.6 -710.9 -740 -770.9 -803.6 -838.1 -874.4 -912.5 -952.4 -994.1 -1037.6 -1082.9 -1130 -1178.9 -1229.6 -1282.1 -1336.4 -1392.5 -1450.4 -1448.9 -1389.8 -1332.5 -1277 -1223.3 -1171.4 -1121.3 -1073 -1026.5 -981.8 -938.9 -897.8 -858.5 -821 -785.3 -751.4 -719.3 -689 -660.5 -633.8 -608.9 -585.8 -564.5 -545 -527.3 -511.4 -497.3 -485 -474.5 -465.8 -458.9 -453.8 -450.5 -449 -449.3 -451.4 -455.3 -461 -468.5 -477.8 -488.9 -501.8 -516.5 -533 -551.3 -571.4 -593.3 -617 -642.5 -669.8 -698.9 -729.8 -762.5 -797 -833.3 -871.4 -911.3 -953 -996.5 -1041.8 -1088.9 -1137.8 -1188.5 -1241 -1295.3 -1351.4 -1409.3 -1409.6 -1350.5 -1293.2 -1237.7 -1184 -1132.1 -1082 -1033.7 -987.2 -942.5 -899.6 -858.5 -819.2 -781.7 -746 -712.1 -680 -649.7 -621.2 -594.5 -569.6 -546.5 -525.2 -505.7 -488 -472.1 -458 -445.7 -435.2 -426.5 -419.6 -414.5 -411.2 -409.7 -410 -412.1 -416 -421.7 -429.2 -438.5 -449.6 -462.5 -477.2 -493.7 -512 -532.1 -554 -577.7 -603.2 -630.5 -659.6 -690.5 -723.2 -757.7 -794 -832.1 -872 -913.7 -957.2 -1002.5 -1049.6 -1098.5 -1149.2 -1201.7 -1256 -1312.1 -1370 -1372.1 -1313 -1255.7 -1200.2 -1146.5 -1094.6 -1044.5 -996.2 -949.7 -905 -862.1 -821 -781.7 -744.2 -708.5 -674.6 -642.5 -612.2 -583.7 -557 -532.1 -509 -487.7 -468.2 -450.5 -434.6 -420.5 -408.2 -397.7 -389 -382.1 -377 -373.7 -372.2 -372.5 -374.6 -378.5 -384.2 -391.7 -401 -412.1 -425 -439.7 -456.2 -474.5 -494.6 -516.5 -540.2 -565.7 -593 -622.1 -653 -685.7 -720.2 -756.5 -794.6 -834.5 -876.2 -919.7 -965 -1012.1 -1061 -1111.7 -1164.2 -1218.5 -1274.6 -1332.5 -1336.4 -1277.3 -1220 -1164.5 -1110.8 -1058.9 -1008.8 -960.5 -914 -869.3 -826.4 -785.3 -746 -708.5 -672.8 -638.9 -606.8 -576.5 -548 -521.3 -496.4 -473.3 -452 -432.5 -414.8 -398.9 -384.8 -372.5 -362 -353.3 -346.4 -341.3 -338 -336.5 -336.8 -338.9 -342.8 -348.5 -356 -365.3 -376.4 -389.3 -404 -420.5 -438.8 -458.9 -480.8 -504.5 -530 -557.3 -586.4 -617.3 -650 -684.5 -720.8 -758.9 -798.8 -840.5 -884 -929.3 -976.4 -1025.3 -1076 -1128.5 -1182.8 -1238.9 -1296.8 -1302.5 -1243.4 -1186.1 -1130.6 -1076.9 -1025 -974.9 -926.6 -880.1 -835.4 -792.5 -751.4 -712.1 -674.6 -638.9 -605 -572.9 -542.6 -514.1 -487.4 -462.5 -439.4 -418.1 -398.6 -380.9 -365 -350.9 -338.6 -328.1 -319.4 -312.5 -307.4 -304.1 -302.6 -302.9 -305 -308.9 -314.6 -322.1 -331.4 -342.5 -355.4 -370.1 -386.6 -404.9 -425 -446.9 -470.6 -496.1 -523.4 -552.5 -583.4 -616.1 -650.6 -686.9 -725 -764.9 -806.6 -850.1 -895.4 -942.5 -991.4 -1042.1 -1094.6 -1148.9 -1205 -1262.9 -1270.4 -1211.3 -1154 -1098.5 -1044.8 -992.9 -942.8 -894.5 -848 -803.3 -760.4 -719.3 -680 -642.5 -606.8 -572.9 -540.8 -510.5 -482 -455.3 -430.4 -407.3 -386 -366.5 -348.8 -332.9 -318.8 -306.5 -296 -287.3 -280.4 -275.3 -272 -270.5 -270.8 -272.9 -276.8 -282.5 -290 -299.3 -310.4 -323.3 -338 -354.5 -372.8 -392.9 -414.8 -438.5 -464 -491.3 -520.4 -551.3 -584 -618.5 -654.8 -692.9 -732.8 -774.5 -818 -863.3 -910.4 -959.3 -1010 -1062.5 -1116.8 -1172.9 -1230.8 -1240.1 -1181 -1123.7 -1068.2 -1014.5 -962.6 -912.5 -864.2 -817.7 -773 -730.1 -689 -649.7 -612.2 -576.5 -542.6 -510.5 -480.2 -451.7 -425 -400.1 -377 -355.7 -336.2 -318.5 -302.6 -288.5 -276.2 -265.7 -257 -250.1 -245 -241.7 -240.2 -240.5 -242.6 -246.5 -252.2 -259.7 -269 -280.1 -293 -307.7 -324.2 -342.5 -362.6 -384.5 -408.2 -433.7 -461 -490.1 -521 -553.7 -588.2 -624.5 -662.6 -702.5 -744.2 -787.7 -833 -880.1 -929 -979.7 -1032.2 -1086.5 -1142.6 -1200.5 -1211.6 -1152.5 -1095.2 -1039.7 -986 -934.1 -884 -835.7 -789.2 -744.5 -701.6 -660.5 -621.2 -583.7 -548 -514.1 -482 -451.7 -423.2 -396.5 -371.6 -348.5 -327.2 -307.7 -290 -274.1 -260 -247.7 -237.2 -228.5 -221.6 -216.5 -213.2 -211.7 -212 -214.1 -218 -223.7 -231.2 -240.5 -251.6 -264.5 -279.2 -295.7 -314 -334.1 -356 -379.7 -405.2 -432.5 -461.6 -492.5 -525.2 -559.7 -596 -634.1 -674 -715.7 -759.2 -804.5 -851.6 -900.5 -951.2 -1003.7 -1058 -1114.1 -1172 -1184.9 -1125.8 -1068.5 -1013 -959.3 -907.4 -857.3 -809 -762.5 -717.8 -674.9 -633.8 -594.5 -557 -521.3 -487.4 -455.3 -425 -396.5 -369.8 -344.9 -321.8 -300.5 -281 -263.3 -247.4 -233.3 -221 -210.5 -201.8 -194.9 -189.8 -186.5 -185 -185.3 -187.4 -191.3 -197 -204.5 -213.8 -224.9 -237.8 -252.5 -269 -287.3 -307.4 -329.3 -353 -378.5 -405.8 -434.9 -465.8 -498.5 -533 -569.3 -607.4 -647.3 -689 -732.5 -777.8 -824.9 -873.8 -924.5 -977 -1031.3 -1087.4 -1145.3 -1160 -1100.9 -1043.6 -988.1 -934.4 -882.5 -832.4 -784.1 -737.6 -692.9 -650 -608.9 -569.6 -532.1 -496.4 -462.5 -430.4 -400.1 -371.6 -344.9 -320 -296.9 -275.6 -256.1 -238.4 -222.5 -208.4 -196.1 -185.6 -176.9 -170 -164.9 -161.6 -160.1 -160.4 -162.5 -166.4 -172.1 -179.6 -188.9 -200 -212.9 -227.6 -244.1 -262.4 -282.5 -304.4 -328.1 -353.6 -380.9 -410 -440.9 -473.6 -508.1 -544.4 -582.5 -622.4 -664.1 -707.6 -752.9 -800 -848.9 -899.6 -952.1 -1006.4 -1062.5 -1120.4 -1136.9 -1077.8 -1020.5 -965 -911.3 -859.4 -809.3 -761 -714.5 -669.8 -626.9 -585.8 -546.5 -509 -473.3 -439.4 -407.3 -377 -348.5 -321.8 -296.9 -273.8 -252.5 -233 -215.3 -199.4 -185.3 -173 -162.5 -153.8 -146.9 -141.8 -138.5 -137 -137.3 -139.4 -143.3 -149 -156.5 -165.8 -176.9 -189.8 -204.5 -221 -239.3 -259.4 -281.3 -305 -330.5 -357.8 -386.9 -417.8 -450.5 -485 -521.3 -559.4 -599.3 -641 -684.5 -729.8 -776.9 -825.8 -876.5 -929 -983.3 -1039.4 -1097.3 -1115.6 -1056.5 -999.2 -943.7 -890 -838.1 -788 -739.7 -693.2 -648.5 -605.6 -564.5 -525.2 -487.7 -452 -418.1 -386 -355.7 -327.2 -300.5 -275.6 -252.5 -231.2 -211.7 -194 -178.1 -164 -151.7 -141.2 -132.5 -125.6 -120.5 -117.2 -115.7 -116 -118.1 -122 -127.7 -135.2 -144.5 -155.6 -168.5 -183.2 -199.7 -218 -238.1 -260 -283.7 -309.2 -336.5 -365.6 -396.5 -429.2 -463.7 -500 -538.1 -578 -619.7 -663.2 -708.5 -755.6 -804.5 -855.2 -907.7 -962 -1018.1 -1076 -1096.1 -1037 -979.7 -924.2 -870.5 -818.6 -768.5 -720.2 -673.7 -629 -586.1 -545 -505.7 -468.2 -432.5 -398.6 -366.5 -336.2 -307.7 -281 -256.1 -233 -211.7 -192.2 -174.5 -158.6 -144.5 -132.2 -121.7 -113 -106.1 -101 -97.7 -96.2 -96.5 -98.6 -102.5 -108.2 -115.7 -125 -136.1 -149 -163.7 -180.2 -198.5 -218.6 -240.5 -264.2 -289.7 -317 -346.1 -377 -409.7 -444.2 -480.5 -518.6 -558.5 -600.2 -643.7 -689 -736.1 -785 -835.7 -888.2 -942.5 -998.6 -1056.5 -1078.4 -1019.3 -962 -906.5 -852.8 -800.9 -750.8 -702.5 -656 -611.3 -568.4 -527.3 -488 -450.5 -414.8 -380.9 -348.8 -318.5 -290 -263.3 -238.4 -215.3 -194 -174.5 -156.8 -140.9 -126.8 -114.5 -104 -95.3 -88.4 -83.3 -80 -78.5 -78.8 -80.9 -84.8 -90.5 -98 -107.3 -118.4 -131.3 -146 -162.5 -180.8 -200.9 -222.8 -246.5 -272 -299.3 -328.4 -359.3 -392 -426.5 -462.8 -500.9 -540.8 -582.5 -626 -671.3 -718.4 -767.3 -818 -870.5 -924.8 -980.9 -1038.8 -1062.5 -1003.4 -946.1 -890.6 -836.9 -785 -734.9 -686.6 -640.1 -595.4 -552.5 -511.4 -472.1 -434.6 -398.9 -365 -332.9 -302.6 -274.1 -247.4 -222.5 -199.4 -178.1 -158.6 -140.9 -125 -110.9 -98.6 -88.1 -79.4 -72.5 -67.4 -64.1 -62.6 -62.9 -65 -68.9 -74.6 -82.1 -91.4 -102.5 -115.4 -130.1 -146.6 -164.9 -185 -206.9 -230.6 -256.1 -283.4 -312.5 -343.4 -376.1 -410.6 -446.9 -485 -524.9 -566.6 -610.1 -655.4 -702.5 -751.4 -802.1 -854.6 -908.9 -965 -1022.9 -1048.4 -989.3 -932 -876.5 -822.8 -770.9 -720.8 -672.5 -626 -581.3 -538.4 -497.3 -458 -420.5 -384.8 -350.9 -318.8 -288.5 -260 -233.3 -208.4 -185.3 -164 -144.5 -126.8 -110.9 -96.8 -84.5 -74 -65.3 -58.4 -53.3 -50 -48.5 -48.8 -50.9 -54.8 -60.5 -68 -77.3 -88.4 -101.3 -116 -132.5 -150.8 -170.9 -192.8 -216.5 -242 -269.3 -298.4 -329.3 -362 -396.5 -432.8 -470.9 -510.8 -552.5 -596 -641.3 -688.4 -737.3 -788 -840.5 -894.8 -950.9 -1008.8 -1036.1 -977 -919.7 -864.2 -810.5 -758.6 -708.5 -660.2 -613.7 -569 -526.1 -485 -445.7 -408.2 -372.5 -338.6 -306.5 -276.2 -247.7 -221 -196.1 -173 -151.7 -132.2 -114.5 -98.6 -84.5 -72.2 -61.7 -53 -46.1 -41 -37.7 -36.2 -36.5 -38.6 -42.5 -48.2 -55.7 -65 -76.1 -89 -103.7 -120.2 -138.5 -158.6 -180.5 -204.2 -229.7 -257 -286.1 -317 -349.7 -384.2 -420.5 -458.6 -498.5 -540.2 -583.7 -629 -676.1 -725 -775.7 -828.2 -882.5 -938.6 -996.5 -1025.6 -966.5 -909.2 -853.7 -800 -748.1 -698 -649.7 -603.2 -558.5 -515.6 -474.5 -435.2 -397.7 -362 -328.1 -296 -265.7 -237.2 -210.5 -185.6 -162.5 -141.2 -121.7 -104 -88.1 -74 -61.7 -51.2 -42.5 -35.6 -30.5 -27.2 -25.7 -26 -28.1 -32 -37.7 -45.2 -54.5 -65.6 -78.5 -93.2 -109.7 -128 -148.1 -170 -193.7 -219.2 -246.5 -275.6 -306.5 -339.2 -373.7 -410 -448.1 -488 -529.7 -573.2 -618.5 -665.6 -714.5 -765.2 -817.7 -872 -928.1 -986 -1016.9 -957.8 -900.5 -845 -791.3 -739.4 -689.3 -641 -594.5 -549.8 -506.9 -465.8 -426.5 -389 -353.3 -319.4 -287.3 -257 -228.5 -201.8 -176.9 -153.8 -132.5 -113 -95.3 -79.4 -65.3 -53 -42.5 -33.8 -26.9 -21.8 -18.5 -17 -17.3 -19.4 -23.3 -29 -36.5 -45.8 -56.9 -69.8 -84.5 -101 -119.3 -139.4 -161.3 -185 -210.5 -237.8 -266.9 -297.8 -330.5 -365 -401.3 -439.4 -479.3 -521 -564.5 -609.8 -656.9 -705.8 -756.5 -809 -863.3 -919.4 -977.3 -1010 -950.9 -893.6 -838.1 -784.4 -732.5 -682.4 -634.1 -587.6 -542.9 -500 -458.9 -419.6 -382.1 -346.4 -312.5 -280.4 -250.1 -221.6 -194.9 -170 -146.9 -125.6 -106.1 -88.4 -72.5 -58.4 -46.1 -35.6 -26.9 -20 -14.9 -11.6 -10.1 -10.4 -12.5 -16.4 -22.1 -29.6 -38.9 -50 -62.9 -77.6 -94.1 -112.4 -132.5 -154.4 -178.1 -203.6 -230.9 -260 -290.9 -323.6 -358.1 -394.4 -432.5 -472.4 -514.1 -557.6 -602.9 -650 -698.9 -749.6 -802.1 -856.4 -912.5 -970.4 -1004.9 -945.8 -888.5 -833 -779.3 -727.4 -677.3 -629 -582.5 -537.8 -494.9 -453.8 -414.5 -377 -341.3 -307.4 -275.3 -245 -216.5 -189.8 -164.9 -141.8 -120.5 -101 -83.3 -67.4 -53.3 -41 -30.5 -21.8 -14.9 -9.8 -6.5 -5 -5.3 -7.4 -11.3 -17 -24.5 -33.8 -44.9 -57.8 -72.5 -89 -107.3 -127.4 -149.3 -173 -198.5 -225.8 -254.9 -285.8 -318.5 -353 -389.3 -427.4 -467.3 -509 -552.5 -597.8 -644.9 -693.8 -744.5 -797 -851.3 -907.4 -965.3 -1001.6 -942.5 -885.2 -829.7 -776 -724.1 -674 -625.7 -579.2 -534.5 -491.6 -450.5 -411.2 -373.7 -338 -304.1 -272 -241.7 -213.2 -186.5 -161.6 -138.5 -117.2 -97.7 -80 -64.1 -50 -37.7 -27.2 -18.5 -11.6 -6.5 -3.2 -1.7 -2 -4.1 -8 -13.7 -21.2 -30.5 -41.6 -54.5 -69.2 -85.7 -104 -124.1 -146 -169.7 -195.2 -222.5 -251.6 -282.5 -315.2 -349.7 -386 -424.1 -464 -505.7 -549.2 -594.5 -641.6 -690.5 -741.2 -793.7 -848 -904.1 -962 -1000.1 -941 -883.7 -828.2 -774.5 -722.6 -672.5 -624.2 -577.7 -533 -490.1 -449 -409.7 -372.2 -336.5 -302.6 -270.5 -240.2 -211.7 -185 -160.1 -137 -115.7 -96.2 -78.5 -62.6 -48.5 -36.2 -25.7 -17 -10.1 -5 -1.7 -0.2 -0.5 -2.6 -6.5 -12.2 -19.7 -29 -40.1 -53 -67.7 -84.2 -102.5 -122.6 -144.5 -168.2 -193.7 -221 -250.1 -281 -313.7 -348.2 -384.5 -422.6 -462.5 -504.2 -547.7 -593 -640.1 -689 -739.7 -792.2 -846.5 -902.6 -960.5 -1000.4 -941.3 -884 -828.5 -774.8 -722.9 -672.8 -624.5 -578 -533.3 -490.4 -449.3 -410 -372.5 -336.8 -302.9 -270.8 -240.5 -212 -185.3 -160.4 -137.3 -116 -96.5 -78.8 -62.9 -48.8 -36.5 -26 -17.3 -10.4 -5.3 -2 -0.5 -0.8 -2.9 -6.8 -12.5 -20 -29.3 -40.4 -53.3 -68 -84.5 -102.8 -122.9 -144.8 -168.5 -194 -221.3 -250.4 -281.3 -314 -348.5 -384.8 -422.9 -462.8 -504.5 -548 -593.3 -640.4 -689.3 -740 -792.5 -846.8 -902.9 -960.8 -1002.5 -943.4 -886.1 -830.6 -776.9 -725 -674.9 -626.6 -580.1 -535.4 -492.5 -451.4 -412.1 -374.6 -338.9 -305 -272.9 -242.6 -214.1 -187.4 -162.5 -139.4 -118.1 -98.6 -80.9 -65 -50.9 -38.6 -28.1 -19.4 -12.5 -7.4 -4.1 -2.6 -2.9 -5 -8.9 -14.6 -22.1 -31.4 -42.5 -55.4 -70.1 -86.6 -104.9 -125 -146.9 -170.6 -196.1 -223.4 -252.5 -283.4 -316.1 -350.6 -386.9 -425 -464.9 -506.6 -550.1 -595.4 -642.5 -691.4 -742.1 -794.6 -848.9 -905 -962.9 -1006.4 -947.3 -890 -834.5 -780.8 -728.9 -678.8 -630.5 -584 -539.3 -496.4 -455.3 -416 -378.5 -342.8 -308.9 -276.8 -246.5 -218 -191.3 -166.4 -143.3 -122 -102.5 -84.8 -68.9 -54.8 -42.5 -32 -23.3 -16.4 -11.3 -8 -6.5 -6.8 -8.9 -12.8 -18.5 -26 -35.3 -46.4 -59.3 -74 -90.5 -108.8 -128.9 -150.8 -174.5 -200 -227.3 -256.4 -287.3 -320 -354.5 -390.8 -428.9 -468.8 -510.5 -554 -599.3 -646.4 -695.3 -746 -798.5 -852.8 -908.9 -966.8 -1012.1 -953 -895.7 -840.2 -786.5 -734.6 -684.5 -636.2 -589.7 -545 -502.1 -461 -421.7 -384.2 -348.5 -314.6 -282.5 -252.2 -223.7 -197 -172.1 -149 -127.7 -108.2 -90.5 -74.6 -60.5 -48.2 -37.7 -29 -22.1 -17 -13.7 -12.2 -12.5 -14.6 -18.5 -24.2 -31.7 -41 -52.1 -65 -79.7 -96.2 -114.5 -134.6 -156.5 -180.2 -205.7 -233 -262.1 -293 -325.7 -360.2 -396.5 -434.6 -474.5 -516.2 -559.7 -605 -652.1 -701 -751.7 -804.2 -858.5 -914.6 -972.5 -1019.6 -960.5 -903.2 -847.7 -794 -742.1 -692 -643.7 -597.2 -552.5 -509.6 -468.5 -429.2 -391.7 -356 -322.1 -290 -259.7 -231.2 -204.5 -179.6 -156.5 -135.2 -115.7 -98 -82.1 -68 -55.7 -45.2 -36.5 -29.6 -24.5 -21.2 -19.7 -20 -22.1 -26 -31.7 -39.2 -48.5 -59.6 -72.5 -87.2 -103.7 -122 -142.1 -164 -187.7 -213.2 -240.5 -269.6 -300.5 -333.2 -367.7 -404 -442.1 -482 -523.7 -567.2 -612.5 -659.6 -708.5 -759.2 -811.7 -866 -922.1 -980 -1028.9 -969.8 -912.5 -857 -803.3 -751.4 -701.3 -653 -606.5 -561.8 -518.9 -477.8 -438.5 -401 -365.3 -331.4 -299.3 -269 -240.5 -213.8 -188.9 -165.8 -144.5 -125 -107.3 -91.4 -77.3 -65 -54.5 -45.8 -38.9 -33.8 -30.5 -29 -29.3 -31.4 -35.3 -41 -48.5 -57.8 -68.9 -81.8 -96.5 -113 -131.3 -151.4 -173.3 -197 -222.5 -249.8 -278.9 -309.8 -342.5 -377 -413.3 -451.4 -491.3 -533 -576.5 -621.8 -668.9 -717.8 -768.5 -821 -875.3 -931.4 -989.3 -1040 -980.9 -923.6 -868.1 -814.4 -762.5 -712.4 -664.1 -617.6 -572.9 -530 -488.9 -449.6 -412.1 -376.4 -342.5 -310.4 -280.1 -251.6 -224.9 -200 -176.9 -155.6 -136.1 -118.4 -102.5 -88.4 -76.1 -65.6 -56.9 -50 -44.9 -41.6 -40.1 -40.4 -42.5 -46.4 -52.1 -59.6 -68.9 -80 -92.9 -107.6 -124.1 -142.4 -162.5 -184.4 -208.1 -233.6 -260.9 -290 -320.9 -353.6 -388.1 -424.4 -462.5 -502.4 -544.1 -587.6 -632.9 -680 -728.9 -779.6 -832.1 -886.4 -942.5 -1000.4 -1052.9 -993.8 -936.5 -881 -827.3 -775.4 -725.3 -677 -630.5 -585.8 -542.9 -501.8 -462.5 -425 -389.3 -355.4 -323.3 -293 -264.5 -237.8 -212.9 -189.8 -168.5 -149 -131.3 -115.4 -101.3 -89 -78.5 -69.8 -62.9 -57.8 -54.5 -53 -53.3 -55.4 -59.3 -65 -72.5 -81.8 -92.9 -105.8 -120.5 -137 -155.3 -175.4 -197.3 -221 -246.5 -273.8 -302.9 -333.8 -366.5 -401 -437.3 -475.4 -515.3 -557 -600.5 -645.8 -692.9 -741.8 -792.5 -845 -899.3 -955.4 -1013.3 -1067.6 -1008.5 -951.2 -895.7 -842 -790.1 -740 -691.7 -645.2 -600.5 -557.6 -516.5 -477.2 -439.7 -404 -370.1 -338 -307.7 -279.2 -252.5 -227.6 -204.5 -183.2 -163.7 -146 -130.1 -116 -103.7 -93.2 -84.5 -77.6 -72.5 -69.2 -67.7 -68 -70.1 -74 -79.7 -87.2 -96.5 -107.6 -120.5 -135.2 -151.7 -170 -190.1 -212 -235.7 -261.2 -288.5 -317.6 -348.5 -381.2 -415.7 -452 -490.1 -530 -571.7 -615.2 -660.5 -707.6 -756.5 -807.2 -859.7 -914 -970.1 -1028 -1084.1 -1025 -967.7 -912.2 -858.5 -806.6 -756.5 -708.2 -661.7 -617 -574.1 -533 -493.7 -456.2 -420.5 -386.6 -354.5 -324.2 -295.7 -269 -244.1 -221 -199.7 -180.2 -162.5 -146.6 -132.5 -120.2 -109.7 -101 -94.1 -89 -85.7 -84.2 -84.5 -86.6 -90.5 -96.2 -103.7 -113 -124.1 -137 -151.7 -168.2 -186.5 -206.6 -228.5 -252.2 -277.7 -305 -334.1 -365 -397.7 -432.2 -468.5 -506.6 -546.5 -588.2 -631.7 -677 -724.1 -773 -823.7 -876.2 -930.5 -986.6 -1044.5 -1102.4 -1043.3 -986 -930.5 -876.8 -824.9 -774.8 -726.5 -680 -635.3 -592.4 -551.3 -512 -474.5 -438.8 -404.9 -372.8 -342.5 -314 -287.3 -262.4 -239.3 -218 -198.5 -180.8 -164.9 -150.8 -138.5 -128 -119.3 -112.4 -107.3 -104 -102.5 -102.8 -104.9 -108.8 -114.5 -122 -131.3 -142.4 -155.3 -170 -186.5 -204.8 -224.9 -246.8 -270.5 -296 -323.3 -352.4 -383.3 -416 -450.5 -486.8 -524.9 -564.8 -606.5 -650 -695.3 -742.4 -791.3 -842 -894.5 -948.8 -1004.9 -1062.8 -1122.5 -1063.4 -1006.1 -950.6 -896.9 -845 -794.9 -746.6 -700.1 -655.4 -612.5 -571.4 -532.1 -494.6 -458.9 -425 -392.9 -362.6 -334.1 -307.4 -282.5 -259.4 -238.1 -218.6 -200.9 -185 -170.9 -158.6 -148.1 -139.4 -132.5 -127.4 -124.1 -122.6 -122.9 -125 -128.9 -134.6 -142.1 -151.4 -162.5 -175.4 -190.1 -206.6 -224.9 -245 -266.9 -290.6 -316.1 -343.4 -372.5 -403.4 -436.1 -470.6 -506.9 -545 -584.9 -626.6 -670.1 -715.4 -762.5 -811.4 -862.1 -914.6 -968.9 -1025 -1082.9 -1144.4 -1085.3 -1028 -972.5 -918.8 -866.9 -816.8 -768.5 -722 -677.3 -634.4 -593.3 -554 -516.5 -480.8 -446.9 -414.8 -384.5 -356 -329.3 -304.4 -281.3 -260 -240.5 -222.8 -206.9 -192.8 -180.5 -170 -161.3 -154.4 -149.3 -146 -144.5 -144.8 -146.9 -150.8 -156.5 -164 -173.3 -184.4 -197.3 -212 -228.5 -246.8 -266.9 -288.8 -312.5 -338 -365.3 -394.4 -425.3 -458 -492.5 -528.8 -566.9 -606.8 -648.5 -692 -737.3 -784.4 -833.3 -884 -936.5 -990.8 -1046.9 -1104.8 -1168.1 -1109 -1051.7 -996.2 -942.5 -890.6 -840.5 -792.2 -745.7 -701 -658.1 -617 -577.7 -540.2 -504.5 -470.6 -438.5 -408.2 -379.7 -353 -328.1 -305 -283.7 -264.2 -246.5 -230.6 -216.5 -204.2 -193.7 -185 -178.1 -173 -169.7 -168.2 -168.5 -170.6 -174.5 -180.2 -187.7 -197 -208.1 -221 -235.7 -252.2 -270.5 -290.6 -312.5 -336.2 -361.7 -389 -418.1 -449 -481.7 -516.2 -552.5 -590.6 -630.5 -672.2 -715.7 -761 -808.1 -857 -907.7 -960.2 -1014.5 -1070.6 -1128.5 -1193.6 -1134.5 -1077.2 -1021.7 -968 -916.1 -866 -817.7 -771.2 -726.5 -683.6 -642.5 -603.2 -565.7 -530 -496.1 -464 -433.7 -405.2 -378.5 -353.6 -330.5 -309.2 -289.7 -272 -256.1 -242 -229.7 -219.2 -210.5 -203.6 -198.5 -195.2 -193.7 -194 -196.1 -200 -205.7 -213.2 -222.5 -233.6 -246.5 -261.2 -277.7 -296 -316.1 -338 -361.7 -387.2 -414.5 -443.6 -474.5 -507.2 -541.7 -578 -616.1 -656 -697.7 -741.2 -786.5 -833.6 -882.5 -933.2 -985.7 -1040 -1096.1 -1154 -1220.9 -1161.8 -1104.5 -1049 -995.3 -943.4 -893.3 -845 -798.5 -753.8 -710.9 -669.8 -630.5 -593 -557.3 -523.4 -491.3 -461 -432.5 -405.8 -380.9 -357.8 -336.5 -317 -299.3 -283.4 -269.3 -257 -246.5 -237.8 -230.9 -225.8 -222.5 -221 -221.3 -223.4 -227.3 -233 -240.5 -249.8 -260.9 -273.8 -288.5 -305 -323.3 -343.4 -365.3 -389 -414.5 -441.8 -470.9 -501.8 -534.5 -569 -605.3 -643.4 -683.3 -725 -768.5 -813.8 -860.9 -909.8 -960.5 -1013 -1067.3 -1123.4 -1181.3 -1250 -1190.9 -1133.6 -1078.1 -1024.4 -972.5 -922.4 -874.1 -827.6 -782.9 -740 -698.9 -659.6 -622.1 -586.4 -552.5 -520.4 -490.1 -461.6 -434.9 -410 -386.9 -365.6 -346.1 -328.4 -312.5 -298.4 -286.1 -275.6 -266.9 -260 -254.9 -251.6 -250.1 -250.4 -252.5 -256.4 -262.1 -269.6 -278.9 -290 -302.9 -317.6 -334.1 -352.4 -372.5 -394.4 -418.1 -443.6 -470.9 -500 -530.9 -563.6 -598.1 -634.4 -672.5 -712.4 -754.1 -797.6 -842.9 -890 -938.9 -989.6 -1042.1 -1096.4 -1152.5 -1210.4 -1280.9 -1221.8 -1164.5 -1109 -1055.3 -1003.4 -953.3 -905 -858.5 -813.8 -770.9 -729.8 -690.5 -653 -617.3 -583.4 -551.3 -521 -492.5 -465.8 -440.9 -417.8 -396.5 -377 -359.3 -343.4 -329.3 -317 -306.5 -297.8 -290.9 -285.8 -282.5 -281 -281.3 -283.4 -287.3 -293 -300.5 -309.8 -320.9 -333.8 -348.5 -365 -383.3 -403.4 -425.3 -449 -474.5 -501.8 -530.9 -561.8 -594.5 -629 -665.3 -703.4 -743.3 -785 -828.5 -873.8 -920.9 -969.8 -1020.5 -1073 -1127.3 -1183.4 -1241.3 -1313.6 -1254.5 -1197.2 -1141.7 -1088 -1036.1 -986 -937.7 -891.2 -846.5 -803.6 -762.5 -723.2 -685.7 -650 -616.1 -584 -553.7 -525.2 -498.5 -473.6 -450.5 -429.2 -409.7 -392 -376.1 -362 -349.7 -339.2 -330.5 -323.6 -318.5 -315.2 -313.7 -314 -316.1 -320 -325.7 -333.2 -342.5 -353.6 -366.5 -381.2 -397.7 -416 -436.1 -458 -481.7 -507.2 -534.5 -563.6 -594.5 -627.2 -661.7 -698 -736.1 -776 -817.7 -861.2 -906.5 -953.6 -1002.5 -1053.2 -1105.7 -1160 -1216.1 -1274 -1348.1 -1289 -1231.7 -1176.2 -1122.5 -1070.6 -1020.5 -972.2 -925.7 -881 -838.1 -797 -757.7 -720.2 -684.5 -650.6 -618.5 -588.2 -559.7 -533 -508.1 -485 -463.7 -444.2 -426.5 -410.6 -396.5 -384.2 -373.7 -365 -358.1 -353 -349.7 -348.2 -348.5 -350.6 -354.5 -360.2 -367.7 -377 -388.1 -401 -415.7 -432.2 -450.5 -470.6 -492.5 -516.2 -541.7 -569 -598.1 -629 -661.7 -696.2 -732.5 -770.6 -810.5 -852.2 -895.7 -941 -988.1 -1037 -1087.7 -1140.2 -1194.5 -1250.6 -1308.5 -1384.4 -1325.3 -1268 -1212.5 -1158.8 -1106.9 -1056.8 -1008.5 -962 -917.3 -874.4 -833.3 -794 -756.5 -720.8 -686.9 -654.8 -624.5 -596 -569.3 -544.4 -521.3 -500 -480.5 -462.8 -446.9 -432.8 -420.5 -410 -401.3 -394.4 -389.3 -386 -384.5 -384.8 -386.9 -390.8 -396.5 -404 -413.3 -424.4 -437.3 -452 -468.5 -486.8 -506.9 -528.8 -552.5 -578 -605.3 -634.4 -665.3 -698 -732.5 -768.8 -806.9 -846.8 -888.5 -932 -977.3 -1024.4 -1073.3 -1124 -1176.5 -1230.8 -1286.9 -1344.8 -1422.5 -1363.4 -1306.1 -1250.6 -1196.9 -1145 -1094.9 -1046.6 -1000.1 -955.4 -912.5 -871.4 -832.1 -794.6 -758.9 -725 -692.9 -662.6 -634.1 -607.4 -582.5 -559.4 -538.1 -518.6 -500.9 -485 -470.9 -458.6 -448.1 -439.4 -432.5 -427.4 -424.1 -422.6 -422.9 -425 -428.9 -434.6 -442.1 -451.4 -462.5 -475.4 -490.1 -506.6 -524.9 -545 -566.9 -590.6 -616.1 -643.4 -672.5 -703.4 -736.1 -770.6 -806.9 -845 -884.9 -926.6 -970.1 -1015.4 -1062.5 -1111.4 -1162.1 -1214.6 -1268.9 -1325 -1382.9 -1462.4 -1403.3 -1346 -1290.5 -1236.8 -1184.9 -1134.8 -1086.5 -1040 -995.3 -952.4 -911.3 -872 -834.5 -798.8 -764.9 -732.8 -702.5 -674 -647.3 -622.4 -599.3 -578 -558.5 -540.8 -524.9 -510.8 -498.5 -488 -479.3 -472.4 -467.3 -464 -462.5 -462.8 -464.9 -468.8 -474.5 -482 -491.3 -502.4 -515.3 -530 -546.5 -564.8 -584.9 -606.8 -630.5 -656 -683.3 -712.4 -743.3 -776 -810.5 -846.8 -884.9 -924.8 -966.5 -1010 -1055.3 -1102.4 -1151.3 -1202 -1254.5 -1308.8 -1364.9 -1422.8 -1504.1 -1445 -1387.7 -1332.2 -1278.5 -1226.6 -1176.5 -1128.2 -1081.7 -1037 -994.1 -953 -913.7 -876.2 -840.5 -806.6 -774.5 -744.2 -715.7 -689 -664.1 -641 -619.7 -600.2 -582.5 -566.6 -552.5 -540.2 -529.7 -521 -514.1 -509 -505.7 -504.2 -504.5 -506.6 -510.5 -516.2 -523.7 -533 -544.1 -557 -571.7 -588.2 -606.5 -626.6 -648.5 -672.2 -697.7 -725 -754.1 -785 -817.7 -852.2 -888.5 -926.6 -966.5 -1008.2 -1051.7 -1097 -1144.1 -1193 -1243.7 -1296.2 -1350.5 -1406.6 -1464.5 -1547.6 -1488.5 -1431.2 -1375.7 -1322 -1270.1 -1220 -1171.7 -1125.2 -1080.5 -1037.6 -996.5 -957.2 -919.7 -884 -850.1 -818 -787.7 -759.2 -732.5 -707.6 -684.5 -663.2 -643.7 -626 -610.1 -596 -583.7 -573.2 -564.5 -557.6 -552.5 -549.2 -547.7 -548 -550.1 -554 -559.7 -567.2 -576.5 -587.6 -600.5 -615.2 -631.7 -650 -670.1 -692 -715.7 -741.2 -768.5 -797.6 -828.5 -861.2 -895.7 -932 -970.1 -1010 -1051.7 -1095.2 -1140.5 -1187.6 -1236.5 -1287.2 -1339.7 -1394 -1450.1 -1508 -1592.9 -1533.8 -1476.5 -1421 -1367.3 -1315.4 -1265.3 -1217 -1170.5 -1125.8 -1082.9 -1041.8 -1002.5 -965 -929.3 -895.4 -863.3 -833 -804.5 -777.8 -752.9 -729.8 -708.5 -689 -671.3 -655.4 -641.3 -629 -618.5 -609.8 -602.9 -597.8 -594.5 -593 -593.3 -595.4 -599.3 -605 -612.5 -621.8 -632.9 -645.8 -660.5 -677 -695.3 -715.4 -737.3 -761 -786.5 -813.8 -842.9 -873.8 -906.5 -941 -977.3 -1015.4 -1055.3 -1097 -1140.5 -1185.8 -1232.9 -1281.8 -1332.5 -1385 -1439.3 -1495.4 -1553.3 -1640 -1580.9 -1523.6 -1468.1 -1414.4 -1362.5 -1312.4 -1264.1 -1217.6 -1172.9 -1130 -1088.9 -1049.6 -1012.1 -976.4 -942.5 -910.4 -880.1 -851.6 -824.9 -800 -776.9 -755.6 -736.1 -718.4 -702.5 -688.4 -676.1 -665.6 -656.9 -650 -644.9 -641.6 -640.1 -640.4 -642.5 -646.4 -652.1 -659.6 -668.9 -680 -692.9 -707.6 -724.1 -742.4 -762.5 -784.4 -808.1 -833.6 -860.9 -890 -920.9 -953.6 -988.1 -1024.4 -1062.5 -1102.4 -1144.1 -1187.6 -1232.9 -1280 -1328.9 -1379.6 -1432.1 -1486.4 -1542.5 -1600.4 -1688.9 -1629.8 -1572.5 -1517 -1463.3 -1411.4 -1361.3 -1313 -1266.5 -1221.8 -1178.9 -1137.8 -1098.5 -1061 -1025.3 -991.4 -959.3 -929 -900.5 -873.8 -848.9 -825.8 -804.5 -785 -767.3 -751.4 -737.3 -725 -714.5 -705.8 -698.9 -693.8 -690.5 -689 -689.3 -691.4 -695.3 -701 -708.5 -717.8 -728.9 -741.8 -756.5 -773 -791.3 -811.4 -833.3 -857 -882.5 -909.8 -938.9 -969.8 -1002.5 -1037 -1073.3 -1111.4 -1151.3 -1193 -1236.5 -1281.8 -1328.9 -1377.8 -1428.5 -1481 -1535.3 -1591.4 -1649.3 -1739.6 -1680.5 -1623.2 -1567.7 -1514 -1462.1 -1412 -1363.7 -1317.2 -1272.5 -1229.6 -1188.5 -1149.2 -1111.7 -1076 -1042.1 -1010 -979.7 -951.2 -924.5 -899.6 -876.5 -855.2 -835.7 -818 -802.1 -788 -775.7 -765.2 -756.5 -749.6 -744.5 -741.2 -739.7 -740 -742.1 -746 -751.7 -759.2 -768.5 -779.6 -792.5 -807.2 -823.7 -842 -862.1 -884 -907.7 -933.2 -960.5 -989.6 -1020.5 -1053.2 -1087.7 -1124 -1162.1 -1202 -1243.7 -1287.2 -1332.5 -1379.6 -1428.5 -1479.2 -1531.7 -1586 -1642.1 -1700 -1792.1 -1733 -1675.7 -1620.2 -1566.5 -1514.6 -1464.5 -1416.2 -1369.7 -1325 -1282.1 -1241 -1201.7 -1164.2 -1128.5 -1094.6 -1062.5 -1032.2 -1003.7 -977 -952.1 -929 -907.7 -888.2 -870.5 -854.6 -840.5 -828.2 -817.7 -809 -802.1 -797 -793.7 -792.2 -792.5 -794.6 -798.5 -804.2 -811.7 -821 -832.1 -845 -859.7 -876.2 -894.5 -914.6 -936.5 -960.2 -985.7 -1013 -1042.1 -1073 -1105.7 -1140.2 -1176.5 -1214.6 -1254.5 -1296.2 -1339.7 -1385 -1432.1 -1481 -1531.7 -1584.2 -1638.5 -1694.6 -1752.5 -1846.4 -1787.3 -1730 -1674.5 -1620.8 -1568.9 -1518.8 -1470.5 -1424 -1379.3 -1336.4 -1295.3 -1256 -1218.5 -1182.8 -1148.9 -1116.8 -1086.5 -1058 -1031.3 -1006.4 -983.3 -962 -942.5 -924.8 -908.9 -894.8 -882.5 -872 -863.3 -856.4 -851.3 -848 -846.5 -846.8 -848.9 -852.8 -858.5 -866 -875.3 -886.4 -899.3 -914 -930.5 -948.8 -968.9 -990.8 -1014.5 -1040 -1067.3 -1096.4 -1127.3 -1160 -1194.5 -1230.8 -1268.9 -1308.8 -1350.5 -1394 -1439.3 -1486.4 -1535.3 -1586 -1638.5 -1692.8 -1748.9 -1806.8 -1902.5 -1843.4 -1786.1 -1730.6 -1676.9 -1625 -1574.9 -1526.6 -1480.1 -1435.4 -1392.5 -1351.4 -1312.1 -1274.6 -1238.9 -1205 -1172.9 -1142.6 -1114.1 -1087.4 -1062.5 -1039.4 -1018.1 -998.6 -980.9 -965 -950.9 -938.6 -928.1 -919.4 -912.5 -907.4 -904.1 -902.6 -902.9 -905 -908.9 -914.6 -922.1 -931.4 -942.5 -955.4 -970.1 -986.6 -1004.9 -1025 -1046.9 -1070.6 -1096.1 -1123.4 -1152.5 -1183.4 -1216.1 -1250.6 -1286.9 -1325 -1364.9 -1406.6 -1450.1 -1495.4 -1542.5 -1591.4 -1642.1 -1694.6 -1748.9 -1805 -1862.9 -1960.4 -1901.3 -1844 -1788.5 -1734.8 -1682.9 -1632.8 -1584.5 -1538 -1493.3 -1450.4 -1409.3 -1370 -1332.5 -1296.8 -1262.9 -1230.8 -1200.5 -1172 -1145.3 -1120.4 -1097.3 -1076 -1056.5 -1038.8 -1022.9 -1008.8 -996.5 -986 -977.3 -970.4 -965.3 -962 -960.5 -960.8 -962.9 -966.8 -972.5 -980 -989.3 -1000.4 -1013.3 -1028 -1044.5 -1062.8 -1082.9 -1104.8 -1128.5 -1154 -1181.3 -1210.4 -1241.3 -1274 -1308.5 -1344.8 -1382.9 -1422.8 -1464.5 -1508 -1553.3 -1600.4 -1649.3 -1700 -1752.5 -1806.8 -1862.9 -1920.8 